======================================================================
中国 Urban Q — 年龄折价 V1_adj + 口径不确定性框架
======================================================================

Part A: V1_adjusted 年龄折价估值
----------------------------------------

方法: V1_adj(t) = Sum_s [Price(s) * Completion(s) * (1-delta)^(t-s)]
  每个 vintage 按建成当年价格购入后折旧，替代原方法
  原方法 V1 = Price(t) * Stock_PIM(t) 用当期新房价给全存量定价

折旧率敏感性分析:
  年份            V1_原始   V1_adj(1.0%)   V1_adj(1.5%)   V1_adj(2.0%)    折价%(1.5%)
  1998         75,058         79,157         77,071         75,058        -2.7%
  1999         82,920         87,610         85,159         82,801        -2.7%
  2000         95,665         97,155         94,303         91,566         1.4%
  2001        108,328        107,439        104,144        100,990         3.9%
  2002        123,343        119,599        115,816        112,204         6.1%
  2003        142,722        134,182        129,858        125,740         9.0%
  2004        181,396        151,959        147,029        142,344        18.9%
  2005        228,376        173,988        168,372        163,046        26.3%
  2006        264,128        198,699        192,297        186,235        27.2%
  2007        338,237        232,451        225,152        218,249        33.4%
  2008        361,087        266,016        257,664        249,774        28.6%
  2009        484,258        306,370        296,814        287,793        38.7%
  2010        558,286        358,709        347,764        337,440        37.7%
  2011        649,103        426,073        413,498        401,642        36.3%
  2012        770,893        500,909        486,393        472,706        36.9%
  2013        901,484        583,475        566,672        550,827        37.1%
  2014        974,898        656,549        637,081        618,719        34.7%
  2015      1,125,859        733,485        711,026        689,846        36.8%
  2016      1,304,216        802,594        776,805        752,493        40.4%
  2017      1,436,643        880,150        850,734        823,025        40.8%
  2018      1,659,336        950,807        917,432        886,024        44.7%
  2019      1,825,091      1,032,135        994,506        959,139        45.5%
  2020      1,967,755      1,109,509      1,067,284      1,027,651        45.8%
  2021      2,073,267      1,182,880      1,135,740      1,091,564        45.2%
  2022      2,021,310      1,237,488      1,185,141      1,136,169        41.4%
  2023      1,998,610      1,288,484      1,230,735      1,176,817        38.4%
  2024      1,932,603      1,330,779      1,267,454      1,208,461        34.4%

关键发现:
  - V1_adj(mid) 在 2024 年折价 34.4%（审稿人预期 20-40%）
  - 折价幅度随时间扩大: 2005年 26.3% -> 2024年 34.4%
  - 折价主要来源：旧存量按历史低价+折旧估值，而非用当期高价


Part B: 口径不确定性框架
----------------------------------------

七口径权重分配:
  Q_V1adjK2       w = 0.30
  Q_V1K2          w = 0.25
  Q_V1K1          w = 0.15
  Q_V3K2          w = 0.10
  Q_V2K2          w = 0.08
  Q_V2K1          w = 0.07
  Q_V3K3          w = 0.05

蒙特卡洛: 5000 次模拟
  参数不确定性: 价格噪声 +/-5%, 折旧率 0.015 +/- 0.003
  口径不确定性: Dirichlet(alpha), 浓度因子 = 20

  年份       Q_median      Q_p05      Q_p25      Q_p75      Q_p95
  1998       2.0867     1.6426     1.8917     2.2970     2.6417
  1999       1.8490     1.4617     1.6797     2.0342     2.3463
  2000       1.7154     1.3564     1.5568     1.8851     2.1685
  2001       1.5750     1.2467     1.4301     1.7268     1.9815
  2002       1.4596     1.1589     1.3281     1.5993     1.8316
  2003       1.3662     1.0894     1.2448     1.4952     1.7096
  2004       1.3715     1.0886     1.2468     1.5047     1.7184
  2005       1.3930     1.1214     1.2694     1.5279     1.7377
  2006       1.3403     1.0916     1.2274     1.4635     1.6504
  2007       1.3814     1.1287     1.2691     1.5063     1.7001
  2008       1.2328     1.0213     1.1373     1.3381     1.5021
  2009       1.2909     1.0542     1.1853     1.4064     1.5896
  2010       1.2312     1.0102     1.1327     1.3357     1.5021
  2011       1.1751     0.9743     1.0862     1.2718     1.4196
  2012       1.1417     0.9470     1.0569     1.2362     1.3761
  2013       1.1070     0.9204     1.0255     1.1961     1.3284
  2014       1.0275     0.8585     0.9541     1.1066     1.2271
  2015       1.0142     0.8446     0.9403     1.0931     1.2119
  2016       1.0122     0.8399     0.9376     1.0921     1.2123
  2017       0.9888     0.8208     0.9160     1.0682     1.1851
  2018       0.9999     0.8228     0.9244     1.0817     1.2013
  2019       0.9841     0.8110     0.9101     1.0654     1.1813
  2020       0.9613     0.7926     0.8894     1.0396     1.1515
  2021       0.9312     0.7653     0.8602     1.0060     1.1141
  2022       0.8667     0.7163     0.8011     0.9352     1.0363
  2023       0.8253     0.6809     0.7628     0.8906     0.9868
  2024       0.7806     0.6435     0.7197     0.8430     0.9362


Part C: Q=1 交叉时点不确定性
----------------------------------------

  蒙特卡洛中 Q 下穿 1 的比例: 98.8% (4942/5000)
  确定性加权 Q 交叉年份: 2016.8
  蒙特卡洛 Q=1 交叉年份:
    中位数: 2016.4
    50% CI: [2013.3, 2021.0]
    90% CI: [2010.1, 2022.5]

  解读: Q=1 交叉标志从 expansion 到 renewal 的制度拐点。
  在口径+参数双重不确定性下，拐点的 90% 可信区间为
  [2010.1, 2022.5]，中位数 2016.4。